0
2
4
6
9
11
13
14
16
18
20
22
24
26
28
29
31
33
35
37
39
41
43
45
47
48
50
52
54
66
67
69
71
73
75
77
79
81
82
84
86
88
89
91
93
95
97
99
101
103
105
107
109
111
113
115
117
119
121
123
125
126
127
129
130
131
132
133
134
135
136
137
138
139
140
141
142
143
144
145
146
147
148
149
150
151
152
153
154
155
156
157
158
159
161
162
164
166
167
168
169
170
171
172
173
174
176
178
180
182
184
186
188
189
191
193
195
197
199
201
203
205
206
208
209
211
212
214
216
218
220
222
224
226
228
229
231
233
235
236
238
239
241
243
244
246
247
249
250
252
253
255
257
259
261
262
264
265
267
268
270
272
273
275
276
278
279
281
282
284
285
287
288
290
292
294
295
297
298
300
301
303
306
308
310
312
314
316
318
320
322
324
325
327
329
330
332
334
335
338
341
343
345
347
349
350
352
353
355
356
358
359
361
362
364
366
368
370
372
373
375
376
378
379
381
382
384
385
387
388
390
392
393
395
396
398
399
401
402
404
405
407
408
410
411
413
414
415
417
418
420
421
422
424
425
426
428
429
430
432
433
434
436
437
438
440
441
443
445
446
448
449
451
452
454
455
457
458
460
461
463
464
466
467
469
471
473
475
476
478
479
481
482
483
485
486
488
489
491
492
494
495
497
498
500
501
503
504
506
507
509
511
513
515
517
519
521
523
525
526
528
530
532
533
535
536
538
539
541
543
546
548
550
551
553
555
558
561
563
565
567
568
570
571
575
581
584
587
590
592
594
596
607
609
611
613
615
617
619
621
712
715
717
719
725
734
737
739
742
744
745
747
748
751
752
754
756
758
760
762
765
768
771
774
777
779
780
782
784
785
788
789
791
792
794
796
797
799
800
802
803
805
806
808
809
811
813
814
816
817
819
820
822
823
825
826
828
829
831
832
834
835
837
838
840
841
843
844
846
848
850
851
853
855
856
858
859
861
862
864
865
867
868
869
870
871
872
873
875
877
878
880
881
883
885
886
888
891
893
894
896
898
900
902
904
906
908
910
912
914
916
918
919
921
922
924
925
927
929
931
941
943
945
947
949
951
953
955
957
958
960
962
964
966
968
970
972
974
976
978
980
982
984
986
988
990
992
994
996
998
1000
1002
1003
1005
1007
1009
1010
1012
1013
1015
1017
1019
1020
1022
1023
1025
1026
1028
1030
1032
1034
1035
1037
1039
1041
1045
1046
1050
1052
1054
1057
1060
1065
1068
1073
1076
1079
1086
1091
1096
1099
1104
1127
1138
1145
1148
1151
1154
1159
1162
1165
1168
1171
1179
1184
1325
1327
1329
1331
1332
1334
1336
1338
1340
1342
1344
1345
1347
1349
1350
1352
1354
1356
1358
1360
1361
1363
1364
1366
1367
1369
1371
1373
1374
1376
1378
1380
1382
1384
1386
1388
1389
1391
1393
1394
1396
1398
1400
1402
1404
1406
1408
1410
1412
1414
1415
1417
1418
1420
1421
1423
1425
1427
1428
1430
1432
1434
1436
1438
1439
1441
1442
1444
1445
1447
1449
1451
1453
1454
1456
1457
1459
1460
1462
1463
1465
1467
1469
1471
1473
1474
1476
1477
1479
1481
1483
1485
1487
1489
1491
1493
1495
1497
1498
1500
1502
1504
1506
1507
1509
1511
1513
1515
1539
1541
1543
1545
1547
1549
1551
1553
1609
1620
1622
1625
1627
1629
1631
1633
1635
1637
1640
1642
1644
1646
1648
1650
1652
1653
1655
1657
1658
1660
1662
1663
1665
1667
1669
1670
1672
1674
1676
1677
1679
1680
1682
1684
1686
1687
1689
1690
1692
1693
1695
1697
1699
1700
1702
1703
1705
1706
1708
1709
1711
1712
1714
1715
1717
1718
1720
1721
1723
1724
1726
1727
1729
1730
1732
1734
1735
1737
1738
1740
1741
1743
1744
1746
1748
1749
1751
1752
1754
1755
1757
1758
1760
1761
1763
1764
1766
1767
1768
1769
1770
1771
1772
1773
1774
1775
1776
1778
1780
1781
1784
1786
1788
1790
1792
1794
1795
1797
1799
1800
1802
1804
1805
1807
1809
1811
1814
1816
1817
1819
1821
1823
1825
1827
1829
1830
1832
1842
1844
1846
1847
1849
1851
1853
1855
1857
1859
1860
1862
1864
1866
1868
1869
1871
1873
1875
1877
1879
1881
1883
1885
1886
1888
1890
1892
1893
1895
1896
1898
1899
1901
1902
1904
1906
1908
1910
1912
1914
1916
1917
1919
1921
1923
1925
1926
1928
1929
1931
1933
1934
1936
1938
1940
1941
1943
1944
1946
1947
1949
1950
1957
1959
1960
1962
1963
1965
1966
1969
1972
1986
2319
2338
2340
2344
2345
2347
2349
2350
2352
2354
2357
2360
2362
2363
2365
2366
2368
2369
2371
2372
2374
2375
2377
2378
2380
2381
2383
2384
2386
2387
2389
2390
2392
2394
2396
2398
2400
2401
2403
2404
2406
2408
2409
2411
2412
2414
2415
2417
2419
2421
2423
2425
2426
2428
2430
2448
2450
2452
2456
2457
2459
2460
2462
2463
2465
2467
2469
2471
2473
2480
2483
2485
2487
2489
2500
2502
2504
2506
2508
2510
2512
2515
2517
2519
2560
2562
2565
2568
2570
2572
2574
2576
2578
2580
2582
2584
2586
2588
2590
2592
2594
2596
2598
2599
2601
2602
2604
2605
2607
2608
2610
2612
2614
2616
2617
2619
2620
2622
2623
2625
2626
2628
2629
2631
2632
2634
2635
2637
2638
2640
2641
2643
2644
2646
2647
2649
2650
2652
2653
2655
2656
2658
2659
2661
2662
2664
2665
2667
2668
2670
2671
2673
2674
2676
2678
2679
2681
2682
2683
2684
2685
2686
2687
2688
2689
2691
2693
2695
2697
2699
2700
2702
2704
2706
2707
2709
2710
2712
2713
2715
2716
2718
2719
2721
2722
2724
2725
2727
2728
2730
2731
2733
2734
2736
2738
2739
2741
2744
2746
2748
2750
2751
2753
2755
2756
2761
2765
2766
2768
2770
2771
2773
2775
2777
2779
2781
2783
2785
2787
2789
2791
2792
2794
2795
2797
2798
2800
2802
2804
2806
2808
2809
2811
2813
2815
2817
2819
2822
2825
2828
2831
2833
2835
2837
2872
2875
2877
2879
2882
2885
2888
2891
2894
3422
3424
3426
3427
3429
3431
3432
3434
3436
3438
3440
3442
3444
3446
3448
3449
3455
3505
3507
3509
3511
3513
3515
3517
3519
3521
3523
3525
3527
3529
3531
3533
3535
3537
3539
3541
3543
3545
3547
3549
3551
3553
3555
3557
3559
3561
3563
3565
3567
3569
3571
3572
3573
3574
3575
3576
3577
3578
3580
3582
3584
3586
3588
3590
3592
3594
3596
3598
3600
3602
3604
3606
3608
3610
3612
3614
3616
3618
3620
3640
3651
3653
3655
3658
3661
3663
3665
3667
3669
3671
3673
3675
3677
3679
3681
3683
3685
4407
4409
4411
4413
4415
4417
4419
4421
4423
4425
4427
4429
4430
4431
4448
4450
4452
4454
4456
4458
4460
4489
4491
4493
4495
4497
4499
4501
4503
4505
4507
4509
4511
4513
4515
4517
4519
4530
4533
4536
4539
4542
4545
4548
4551
4554
4557
4560
4563
4566
4569
4572
4575
4578
4581
4584
4587
4590
4593
5297
5299
5301
5303
5305
5307
5309
5311
5313
5315
5317
5319
5321
5323
5325
5327
5338
5341
5344
5347
5350
5353
5356
5359
5362
5365
5368
5371
5374
5377
5380
5383
5386
5391
5394
5397
5400
5403
6069
6073
6077
6079
6080
6082
6084
6088
6093
6095
6097
6099
6103
6104
6138
6140
6142
6144
6146
6148
6150
6152
6154
6156
6158
6160
6164
6166
6168
6170
6172
6174
6176
6178
6180
6181
6183
6185
6187
6189
6191
6193
6195
6197
6199
6201
6203
6205
22816
22817
22818
22819
22820
22821
22822
22823
22824
22825
22826
22827
22828
22829
22830
22831
22832
22833
22834
22835
22836
22837
22838
22839
22840
22841
22842
22843
22844
22845
22847
22850
22851
22852
22853
22854
22855
22856
22857
22858
22859
22860
22861
22862
22863
22864
22865
22866
22867
22868
22869
22870
22871
22872
22873
22874
22875
22876
22877
22878
22879
22880
22881
22882
22883
22884
22885
22886
22887
22888
22889
22890
22891
22892
22893
22894
22895
22896
22897
22898
22899
22900
22901
22902
22903
22904
22905
22906
22907
22908
22909
22910
22911
22912
22913
22914
22915
22916
22917
22918
22919
22920
22921
22922
22923
22924
22925
22926
22927
22928
22929
22930
22931
22932
22933
22934
22935
22936
22937
22938
22946
22948
22950
22963
22964
22965
22967
22969
22971
22973
22975
23064
23065
23066
23067
23068
23069
23070
23071
23072
23073
23074
23075
23076
23077
23078
23079
23080
23081
23082
23083
23084
23085
23086
23087
23088
23089
23090
23091
23092
23093
23094
23095
23096
23097
23099
23101
23103
23105
23107
23109
23110
23111
23112
23113
23114
23115
23116
23117
23118
23119
23120
23121
23122
23123
23124
23125
23126
23127
23128
23129
23130
23131
23132
23133
23134
23135
23136
23137
23138
23139
23140
23141
23142
23143
23144
23145
23147
23149
23151
23153
23155
23157
23159
23161
23163
23165
23167
23169
23171
23173
23175
23177
23179
23181
23183
23185
23187
23189
23191
23193
23195
23197
23199
23201
23203
23205
23207
23209
23211
23212
23213
23214
23215
23216
23217
23219
23221
23222
23223
23224
23225
23226
23227
23228
23229
23230
23231
23232
23233
23234
23235
23236
23237
23238
23239
23240
23241
23242
23243
23244
23245
23246
23247
23248
23249
23250
23251
23252
23253
23254
23255
23256
23257
23258
23259
23260
23261
23262
23263
23264
23265
23266
23267
23268
23269
23270
23271
23272
23273
23274
23275
23276
23277
23278
23279
23280
23281
23282
23283
23284
23285
23286
23287
23288
23290
23291
23293
23294
23296
23297
23299
23300
23301
23302
23303
23304
23305
23306
23307
23308
23309
23310
23311
23312
23313
23314
23315
23316
23317
23318
23319
23320
23321
23322
23323
23324
23325
23326
23327
23328
23329
23330
23331
23332
23333
23334
23335
23336
23337
23338
23339
23340
23341
23342
23343
23344
23345
23346
23347
23348
23349
23350
23351
23352
23353
23354
23355
23356
23357
23358
23359
23360
23361
23362
23363
23364
23365
23366
23367
23368
23369
23370
23371
23372
23373
23374
23375
23376
23377
23378
23379
23380
23381
23382
23383
23384
23385
23386
23387
23388
23389
23390
23391
23392
23393
23394
23395
23396
23397
23398
23399
23400
23401
23402
23403
23404
23405
23406
23407
23408
23409
23410
23411
23412
23413
23415
23418
23420
23421
23423
23425
23427
23428
23430
23431
23433
23434
23436
23437
23439
23443
23444
23446
23447
23449
23450
23451
23452
23453
23454
23455
23456
23458
23459
23460
23461
23462
23463
23464
23465
23466
23467
23468
23469
23470
23471
23472
23473
23474
23475
23476
23477
23478
23479
23480
23481
23482
23483
23484
23485
23486
23487
23488
23489
23490
23491
23492
23493
23494
23495
23496
23497
23498
23499
23500
23501
23502
23503
23504
23505
23506
23507
23508
23509
23510
23511
23512
23513
23514
23515
23516
23517
23518
23519
23520
23521
23522
23523
23524
23525
23526
23527
23528
23529
23530
23531
23532
23533
23534
23535
23536
23537
23538
23539
23540
23541
23542
23543
23544
23545
23546
23547
23548
23549
23551
23553
23555
23718
23719
23720
23721
23722
23723
23724
23725
23726
23727
23728
23729
23730
23731
23732
23733
23734
23735
23736
23737
23738
23739
23740
23741
23742
23743
23744
23745
23746
23747
23748
23749
23750
23751
23752
23753
23754
23756
23758
23759
23760
23761
23762
23763
23764
23765
23766
23767
23768
23769
23770
23771
23772
23773
23774
23776
23778
23780
23782
23783
23785
23786
23788
23789
23791
23792
23794
23795
23797
23798
23800
23801
23803
23804
23806
23807
23809
23810
23812
23813
23815
23817
23819
23821
23823
23849
23851
23853
23855
23858
23898
23901
23904
23906
23908
23911
23914
23917
23925
23927
23929
23931
23933
23935
23937
23944
23946
23948
23950
23952
23954
23976
23978
23980
23982
23984
23986
23988
23990
23991
23993
23995
23997
23999
24001
24003
24005
24007
24009
24012
24014
24016
24018
24020
24022
24024
24026
24028
24029
24031
24032
24034
24036
24038
24040
24042
24044
24045
24047
24048
24050
24055
24056
24057
24058
24059
24060
24061
24062
24063
24064
24065
24066
24067
24068
24070
24072
24074
24076
24078
24080
24081
24082
24083
24084
24085
24087
24088
24090
24091
24092
24093
24095
24096
24097
24098
24101
24102
24103
24104
24105
24106
24107
24108
24109
24110
24111
24112
24114
24115
24116
24117
24119
24120
24121
24122
24123
24124
24125
24126
24127
24128
24129
24130
24131
24132
24133
24134
24135
24136
24137
24138
24139
24140
24141
24142
24143
24144
24145
24146
24147
24148
24149
24150
24151
24152
24153
24154
24155
24156
24157
24158
24159
24160
24161
24162
24163
24164
24165
24166
24167
24168
24169
24170
24171
24172
24173
24174
24175
24176
24177
24178
24179
24180
24181
24182
24184
24185
24186
24188
24189
24190
24192
24193
24195
24196
24198
24199
24201
24202
24204
24206
24208
24210
24212
24214
24216
24218
24220
24223
24526
24528
24530
24531
24586
24600
24602
24604
24606
24608
24653
24655
24657
24659
24661
24663
24665
24667
24669
24671
24673
24675
24677
24679
24681
24683
24685
24687
24690
24694
24696
24699
24701
24703
24704
24706
24709
24711
24713
24715
24716
24718
24720
24721
24723
24724
24726
24727
24729
24730
24732
24733
24734
24735
24736
24737
24738
24739
24740
24741
24742
24743
24744
24745
24746
24747
24748
24749
24750
24751
24752
24753
24754
24755
24756
24757
24758
24759
24762
24764
24766
24767
24769
24770
24772
24773
24775
24776
24778
24779
24781
24782
24784
24786
24788
24789
24791
24792
24794
24795
24796
24798
24800
24802
24804
24805
24809
24812
24816
24817
24819
24822
24825
24827
24829
24830
24832
24833
24835
24837
24838
24840
24842
24843
24845
24847
24848
24850
24852
24854
24855
24857
24859
24860
24862
24864
24866
24868
24870
24872
24874
24877
24879
24880
24882
24884
24886
24889
24891
24893
24895
24897
24899
24901
24903
24905
24906
24908
24910
24912
24914
24916
24918
24920
24922
24924
24927
24929
24931
25163
25369
25371
25373
25375
25377
25379
25381
25383
25385
25386
25388
25389
25391
25392
25394
25395
25397
25399
25401
25403
25405
25407
25409
25411
25414
25416
25418
25420
25422
25423
25425
25427
25429
25431
25433
25435
25437
25439
25441
25443
25445
25447
25450
25453
25455
25457
25459
25461
25483
25486
25488
25491
25493
25496
25499
25502
25504
25507
25510
25512
25515
25517
25520
25522
25525
25527
25532
25535
25538
25541
25543
25544
25546
25547
25549
25551
25552
25554
25556
25558
25559
25561
25563
25565
25567
25569
25570
25572
25573
25575
25576
25578
25581
25583
25585
25587
25589
25590
25592
25594
25596
25598
25600
25601
25603
25605
25606
25608
25610
25612
25614
25616
25617
25619
25621
25622
25624
25626
25628
25630
25632
25633
25635
25637
25639
25641
25643
25645
25647
25649
25651
25653
25655
25657
25659
25910
25912
25914
25916
25918
25920
25922
25924
25926
26121
26124
26127
26130
26133
26136
26139
26231
26234
26237
26240
26243
26245
26246
26249
26251
26254
26256
26259
26262
26265
26267
26271
26274
26277
26279
26281
26282
26284
26286
26289
26292
26294
26296
26297
26299
26301
26302
26304
26305
26307
26308
26310
26312
26313
26315
26316
26318
26320
26321
26323
26325
26327
26329
26330
26332
26333
26335
26336
26338
26339
26341
26342
26344
26345
26347
26348
26350
26351
26353
26355
26357
26359
26361
26363
26364
26366
26368
26370
26372
26374
26376
26378
26380
26386
26388
26391
26393
26395
26397
26400
26403
26405
26407
26409
26412
26414
26417
26419
26423
26425
26427
26503
26505
26510
26512
27099
27101
27103
27105
27107
27109
27111
27113
27115
27117
27119
27121
27123
27125
27127
27129
27131
27133
27135
27137
27139
27141
27143
27145
27147
27149
27151
27153
27155
27159
27214
27217
27220
27222
27224
27257
27259
27263
27265
27269
27271
27273
27275
27277
27279
27944
27947
27949
27951
27957
27965
27968
27981
27983
27984
28003
28005
28657
28659
28661
28668
28670
28677
28681
28684
28687
28692
28694
28696
28698
28699
28701
28702
28704
28705
28707
28729
28731
28738
28742
28748
29378
29380
29383
29385
29398
29400
29411
29413
29415
29444
29453
30115
30116
30118
30120
30122
30150
30183
30856
30858
31629
31631
45804
45805
45808
45811
45812
45815
45816
45819
45820
45823
45824
45827
45828
45831
45835
45836
45839
45840
45843
45844
45847
45848
45851
45852
45855
45856
45859
45860
45863
45864
45867
45868
45871
45872
45874
45875
45878
45879
45882
45883
45886
45887
45890
45891
45894
45895
45898
45902
45905
45906
45909
45910
45913
45914
45917
45918
45921
45922
45925
45926
45929
45930
45933
45937
45938
45941
45942
45945
45946
45949
45950
45953
45954
45957
45958
45961
45962
45965
45966
45969
45970
45973
45974
45977
45978
45981
45982
45984
45985
45988
45989
45991
45992
45994
45995
45997
45998
46001
46002
46005
46009
46013
46020
46024
46031
46035
46039
46046
46050
46057
46061
46065
46069
46073
46077
46084
46088
46095
46099
46103
46107
46111
46117
46121
46131
46134
46137
46141
46145
46155
46159
46166
46170
46173
46176
46179
46182
46189
46193
46200
46204
46208
46212
46216
46220
46227
46231
46241
46245
46249
46253
46257
46264
46268
46272
46279
46283
46290
46294
46301
46305
46309
46316
46320
46324
46327
46330
46334
46338
46342
46346
46350
46354
46358
46362
46366
46370
46374
46378
46382
46386
46390
46394
46398
46402
46406
46410
46414
46418
46422
46426
46430
46434
46438
46442
46446
46450
46453
46457
46461
46465
46469
46472
46476
46479
46480
46483
46486
46487
46489
46490
46492
46496
46498
46499
46501
46503
46505
46507
46509
46510
46512
46513
46515
46516
46518
46519
46521
46523
46525
46527
46528
46530
46531
46533
46534
46537
46539
46541
46542
46544
46545
46547
46548
46550
46551
46553
46555
46556
46558
46559
46561
46563
46564
46566
46567
46569
46570
46572
46574
46575
46577
46578
46580
46581
46583
46584
46586
46587
46589
46590
46593
46595
46596
46599
46601
46602
46604
46605
46607
46608
46610
46611
46613
46614
46617
46619
46621
46623
46625
46629
46632
46635
46638
46642
46645
46649
46652
46655
46658
46661
46664
46667
46670
46674
46678
46682
46686
46706
46710
46716
46758
46761
46768
46771
46776
46779
46786
46789
46794
46797
46804
46807
46812
46815
46822
46825
46830
46831
46834
46837
46842
46845
46850
46853
46859
46862
46865
46870
46873
46881
46884
46895
46898
46901
46907
46910
46913
46916
47085
47113
47137
47214
47215
47218
47219
47224
47228
47232
47236
47240
47244
47248
47255
47256
47259
47260
47263
47264
47267
47268
47271
47272
47275
47276
47279
47280
47286
47287
47290
47291
47294
47297
47298
47301
47302
47305
47306
47309
47313
47314
47317
47318
47321
47322
47324
47325
47328
47329
47332
47333
47336
47337
47340
47343
47347
47348
47351
47352
47355
47359
47363
47367
47371
47375
47379
47383
47387
47391
47395
47399
47403
47407
47411
47415
47419
47423
47427
47434
47438
47442
47446
47450
47454
47461
47465
47472
47476
47480
47484
47488
47492
47499
47503
47510
47514
47518
47522
47526
47534
47537
47543
47547
47551
47555
47559
47569
47573
47583
47586
47589
47592
47595
47602
47606
47616
47620
47624
47628
47632
47639
47643
47653
47657
47661
47665
47669
47679
47683
47690
47694
47701
47705
47709
47716
47720
47730
47734
47741
47745
47755
47759
47766
47770
47774
47778
47782
47786
47793
47797
47801
47805
47809
47813
47816
47820
47824
47828
47836
47840
47844
47852
47856
47873
47878
47895
47896
47898
47899
47901
47903
47906
47909
47912
47915
47918
47921
47924
47927
47930
47932
47934
47937
47940
47942
47945
47948
47951
47954
47956
47958
47961
47964
47967
47970
47973
47976
47979
47982
47985
47988
47991
47994
47997
48000
48003
48006
48009
48012
48015
48018
48021
48024
48027
48030
48033
48037
48047
48051
48057
48067
48070
48089
48148
48151
48160
48166
48169
48172
48181
48184
48189
48192
48199
48202
48207
48215
48218
48219
48222
48223
48228
48231
48236
48239
48242
48243
48246
48249
48250
48253
48256
48260
48263
48266
48269
48272
48275
48278
48281
48290
48473
48474
48488
48513
48538
48563
48616
48617
48620
48624
48625
48628
48629
48632
48633
48636
48637
48640
48641
48644
48648
48649
48652
48653
48656
48657
48660
48663
48664
48667
48671
48675
48678
48682
48686
48693
48697
48703
48707
48711
48715
48719
48726
48729
48736
48740
48744
48748
48752
48756
48760
48764
48768
48772
48776
48780
48784
48788
48792
48796
48800
48804
48808
48812
48816
48820
48824
48828
48832
48836
48840
48844
48848
48852
48856
48860
48864
48868
48872
48875
48879
48883
48887
48891
48895
48899
48903
48907
48911
48915
48919
48923
48927
48930
48933
48936
48939
48942
48945
48948
48951
48954
48957
48960
48963
48966
48969
48972
48975
48978
48981
48983
48985
48987
48989
48991
48995
48999
49001
49004
49007
49010
49014
49018
49022
49026
49030
49034
49038
49042
49046
49050
49054
49058
49062
49066
49070
49074
49078
49082
49086
49090
49094
49098
49102
49106
49110
49114
49118
49122
49126
49130
49134
49138
49142
49146
49150
49154
49158
49162
49166
49170
49174
49178
49186
49190
49194
49206
49230
49234
49238
49246
49250
49254
49265
49286
49288
49290
49305
49307
49310
49313
49315
49321
49324
49327
49333
49592
49595
49598
49601
49604
49607
49610
49613
49616
49619
49622
49625
49628
49631
49632
49637
49638
49641
49642
49645
49648
49652
49655
49662
49665
49670
49681
49687
49690
49704
49710
49870
49875
49876
49920
49999
50002
50006
50009
50010
50013
50014
50016
50017
50020
50021
50024
50027
50030
50033
50036
50039
50041
50045
50048
50052
50056
50060
50064
50068
50072
50076
50080
50084
50088
50092
50096
50100
50104
50108
50112
50116
50120
50124
50128
50132
50136
50140
50144
50148
50152
50156
50160
50164
50168
50172
50176
50180
50184
50188
50192
50196
50200
50204
50208
50212
50216
50220
50224
50228
50232
50236
50240
50244
50248
50252
50256
50260
50267
50271
50275
50279
50283
50287
50294
50298
50305
50309
50313
50317
50321
50328
50332
50336
50339
50342
50345
50348
50351
50354
50357
50360
50363
50366
50369
50371
50373
50375
50377
50381
50385
50389
50393
50397
50401
50405
50409
50413
50417
50421
50425
50429
50433
50437
50441
50445
50449
50453
50456
50459
50462
50465
50469
50473
50477
50481
50485
50489
50493
50497
50501
50505
50509
50513
50517
50521
50525
50529
50533
50537
50541
50545
50549
50553
50557
50561
50565
50569
50573
50577
50581
50585
50589
50593
50597
50601
50605
50609
50613
50617
50621
50625
50629
50633
50637
50641
50645
50649
50653
50657
50661
50665
50673
50699
50701
50703
50705
50707
50710
50713
50715
50718
50721
50724
50727
50730
50733
50735
50738
50741
50744
50747
50750
50753
50756
50758
50761
50764
50769
50772
50775
50778
50781
50784
50787
50790
50793
50796
50799
50805
50808
50811
50814
50817
50820
50823
50826
50839
50867
50879
50883
50907
50968
51050
51059
51065
51071
51091
51097
51118
51126
51130
51179
51186
51303
51306
51314
51339
51370
51381
51440
51444
51448
51452
51456
51463
51467
51473
51477
51480
51484
51488
51492
51496
51500
51504
51508
51512
51516
51520
51524
51528
51532
51536
51540
51544
51548
51552
51556
51560
51563
51567
51571
51575
51579
51583
51587
51591
51595
51599
51603
51607
51611
51615
51619
51623
51627
51631
51635
51639
51643
51647
51651
51655
51659
51663
51667
51671
51675
51679
51683
51687
51691
51695
51699
51703
51707
51711
51715
51719
51723
51727
51731
51735
51739
51743
51747
51751
51755
51759
51763
51767
51771
51775
51779
51783
51787
51791
51795
51798
51801
51804
51807
51810
51813
51816
51819
51822
51825
51827
51829
51831
51833
51836
51839
51843
51847
51851
51858
51862
51866
51870
51874
51878
51885
51889
51893
51900
51904
51908
51912
51916
51926
51930
51937
51941
51948
51952
51955
51960
51963
51973
51977
51984
51988
51992
51999
52003
52013
52017
52021
52025
52029
52039
52043
52050
52054
52058
52062
52066
52070
52080
52084
52091
52095
52099
52103
52107
52111
52115
52119
52122
52128
52141
52144
52147
52150
52153
52155
52158
52160
52162
52165
52168
52171
52173
52176
52179
52182
52185
52188
52191
52194
52196
52199
52202
52205
52208
52211
52213
52216
52219
52222
52225
52228
52231
52234
52237
52240
52243
52246
52249
52252
52255
52258
52261
52264
52267
52270
52273
52277
52280
52287
52293
52305
52309
52337
52345
52411
52414
52424
52428
52432
52449
52450
52483
52492
52495
52498
52501
52505
52508
52511
52514
52515
52518
52519
52522
52525
52531
52535
52538
52541
52544
52547
52553
52556
52583
52764
52769
52772
52781
52797
52876
52880
52883
52887
52891
52895
52899
52903
52907
52908
52911
52915
52919
52923
52927
52931
52934
52938
52942
52946
52950
52954
52958
52962
52966
52970
52974
52978
52982
52986
52990
52994
52998
53002
53006
53010
53014
53018
53022
53026
53030
53034
53038
53042
53046
53050
53054
53058
53062
53066
53074
53078
53086
53090
53094
53098
53102
53114
53118
53125
53129
53133
53137
53141
53148
53152
53156
53163
53167
53171
53175
53179
53186
53190
53194
53198
53202
53206
53210
53214
53218
53225
53229
53233
53236
53239
53242
53245
53248
53251
53254
53257
53260
53263
53265
53267
53269
53271
53275
53279
53286
53289
53293
53297
53301
53305
53309
53313
53317
53327
53331
53338
53342
53349
53353
53357
53364
53368
53378
53382
53386
53390
53394
53401
53405
53409
53416
53420
53424
53428
53432
53436
53445
53448
53452
53456
53460
53467
53471
53475
53482
53486
53490
53497
53501
53508
53512
53516
53520
53524
53528
53532
53539
53543
53550
53554
53558
53562
53566
53570
53588
53591
53593
53596
53599
53601
53604
53607
53610
53613
53616
53618
53621
53624
53627
53629
53631
53634
53637
53640
53643
53646
53649
53652
53655
53658
53661
53664
53667
53670
53673
53676
53679
53682
53685
53688
53691
53694
53697
53700
53703
53706
53709
53712
53715
53718
53721
53725
53729
53734
53740
53743
53804
53841
53845
53855
53863
53869
53876
53880
53890
53894
53899
53902
53911
53914
53922
53929
53932
53939
53942
53948
53951
53955
53958
53961
53962
53966
53972
53975
53981
53984
53987
53990
54002
54017
54038
54042
54219
54247
54250
54255
54260
54265
54336
54340
54344
54348
54352
54356
54360
54364
54368
54372
54376
54380
54384
54388
54392
54396
54400
54407
54411
54415
54419
54423
54427
54431
54438
54442
54446
54450
54454
54458
54462
54468
54472
54479
54483
54487
54491
54495
54502
54506
54510
54514
54518
54522
54526
54530
54534
54538
54542
54546
54550
54554
54558
54562
54566
54570
54574
54578
54582
54586
54590
54594
54598
54602
54606
54610
54613
54617
54621
54625
54629
54632
54635
54639
54643
54647
54651
54655
54659
54663
54667
54671
54675
54679
54683
54687
54691
54695
54699
54702
54705
54708
54711
54714
54717
54720
54723
54725
54727
54729
54731
54734
54737
54741
54745
54749
54753
54757
54763
54766
54770
54774
54778
54782
54786
54790
54794
54798
54802
54806
54810
54814
54818
54822
54826
54830
54834
54838
54842
54846
54850
54854
54858
54862
54866
54873
54877
54881
54888
54892
54896
54900
54904
54908
54915
54919
54929
54933
54940
54944
54954
54958
54967
54971
54975
54979
54983
54993
54997
55004
55008
55011
55015
55019
55023
55033
55037
55042
55047
55052
55055
55057
55060
55063
55066
55069
55072
55075
55078
55081
55083
55085
55088
55091
55093
55096
55099
55102
55104
55107
55109
55112
55115
55118
55120
55122
55125
55128
55131
55134
55137
55140
55143
55146
55149
55152
55155
55158
55161
55164
55167
55170
55173
55179
55182
55186
55189
55195
55199
55207
55215
55218
55231
55300
55304
55308
55316
55319
55322
55326
55330
55334
55338
55348
55354
55358
55370
55374
55378
55382
55386
55389
55393
55400
55403
55408
55411
55420
55424
55429
55433
55436
55440
55444
55447
55452
55455
55460
55463
55477
55481
55489
55492
55509
55516
55523
55686
55696
55702
55707
55717
55728
55739
55801
55805
55809
55813
55817
55821
55825
55829
55833
55837
55841
55845
55849
55852
55855
55858
55861
55864
55867
55870
55873
55876
55880
55884
55888
55892
55896
55900
55904
55908
55912
55916
55920
55924
55928
55932
55936
55940
55944
55948
55952
55956
55960
55964
55968
55972
55979
55983
55987
55991
55995
56002
56006
56013
56017
56021
56025
56029
56036
56040
56050
56054
56058
56062
56066
56073
56077
56084
56088
56092
56096
56100
56104
56111
56115
56122
56126
56130
56134
56138
56142
56149
56153
56157
56160
56163
56166
56169
56172
56175
56178
56181
56183
56185
56187
56189
56192
56195
56199
56203
56210
56214
56224
56228
56232
56235
56238
56248
56252
56259
56263
56270
56274
56278
56285
56289
56299
56303
56307
56311
56315
56325
56329
56336
56340
56344
56348
56352
56356
56366
56370
56377
56381
56388
56392
56396
56403
56407
56411
56418
56422
56429
56433
56437
56444
56448
56452
56459
56462
56468
56471
56474
56479
56482
56485
56498
56500
56502
56504
56507
56510
56512
56515
56518
56521
56524
56526
56528
56531
56534
56536
56539
56542
56545
56548
56551
56553
56555
56558
56560
56563
56566
56569
56572
56575
56578
56581
56584
56587
56590
56593
56595
56597
56629
56632
56637
56641
56645
56649
56667
56671
56681
56684
56694
56715
56719
56726
56730
56734
56741
56745
56753
56757
56764
56768
56772
56779
56783
56793
56797
56806
56816
56820
56826
56829
56835
56839
56843
56850
56854
56857
56861
56864
56867
56871
56874
56878
56882
56885
56888
56891
56894
56900
56908
56911
57107
57133
57142
57189
57192
57245
57249
57253
57257
57261
57264
57268
57272
57276
57280
57284
57288
57292
57296
57300
57304
57308
57311
57314
57317
57320
57323
58057
58061
58065
58069
58073
58076
58079
58082
58086
58090
58094
58098
58102
58106
58110
58114
58118
58122
58126
58130
58134
58142
58146
58150
58157
58161
58168
58171
58178
58182
58192
58196
58203
58207
58213
58217
58220
58225
58228
58235
58239
58246
58289
58482
58499
58501
58506
58510
58516
58519
58523
58527
58528
58577
58580
58583
58586
58589
58592
58595
58598
58601
58604
58607
58610
58613
58616
58619
58622
58625
58628
59555
59728
59771
59792
59801
59808
59859
59862
59865
59868
59871
59874
59877
59879
59882
59885
59888
59891
59893
59896
59899
59902
59905
60980
60982
60986
60998
61036
61081
61084
61087
61090
61093
61096
61099
61102
61105
61108
61111
61114
61117
61120
62218
62227
62230
62232
62273
62275
62277
62279
62281
62283
62285
62287
62289
62291
62293
62295
62297
62299
63412
63414
63416
63418
63420
63422
63424
63426
63428
63430
63432
64464
64468
64470
64474
64478
64485
64488
64490
64493
64495
64497
64522
64524
64526
64528
64530
64532
64534
64536
64538
65575
65577
65579
65582
65584
65588
65595
65620
65622
65624
65626
65628
65630
65632
65634
66627
66631
66635
66639
66642
66644
66648
66651
66653
66678
66680
66682
66684
66686
66688
66690
66692
67682
67686
67691
67694
67719
67721
67723
67725
67727
67729
68699
68701
68728
68730
68732
68734
68738
69717
69719
69721
69723
70695
70697
71649
71651
72578
73472
84156
84158
84160
84162
84164
84166
84168
84170
84172
84174
84176
84967
84969
84971
84973
84975
84977
84979
84981
84983
84985
84987
84989
84991
84993
84995
84997
84999
85001
85003
85786
85788
85790
85792
85794
85796
85798
85800
85802
85804
85806
85808
85810
85812
85814
85816
85818
85820
85822
85824
85826
85828
85830
85908
86735
87612
87614
88489
88491
89367
89369
89371
90245
90247
90249
90251
91124
91126
91128
91130
92002
92004
92006
92008
92880
92882
92884
92886
92888
92890
92892
93758
93760
93762
93764
93766
93768
93770
93772
94607
94609
94611
94613
94615
94617
94619
94621
95034
95036
95038
95040
95042
95044
95046
95048
95050
95052
95054
95056
95058
95060
95062
95064
95066
95068
95070
95072
95074
95076
95078
95080
95082
95084
95086
95428
95430
95432
95434
95436
95438
95440
95442
95444
95446
95448
95853
95855
95857
95859
95861
95863
95865
95867
95869
95871
95873
95875
95877
95879
95881
95883
95885
95887
95889
95891
95893
96231
96233
96235
96237
96239
96241
96243
96245
96247
96249
96251
96253
97019
97021
97023
97025
97027
97029
97031
97033
97035
97037
97039
97041
97043
97800
97802
97804
97806
97808
97810
97812
97814
97816
97818
97820
97822
97824
97826
97828
97830
97832
98578
98580
98582
98584
98586
98588
98590
98592
98594
98596
99354
99356
99358
99360
99362
99364
99366
99368
99370
100129
100131
100133
100135
100137
100139
100141
100143
100145
100147
100149
100151
100153
100155
100157
100901
100903
100905
100907
100909
100911
100913
100915
100917
100919
100921
100923
100925
100927
100929
100931
100933
100935
100937
100939
100941
100943
100945
100947
100949
100951
100953
100955
100965
101671
101673
101675
101677
101679
101680
101681
101683
101685
101687
101689
101691
101693
101695
101696
101697
101698
101699
101701
101702
101703
101704
101705
101707
101708
101709
101710
101711
101712
101713
101714
101715
101716
101717
101718
101719
101720
101721
101722
101723
101724
101725
101726
101727
101728
101729
101730
101731
101732
101733
101735
101736
101737
101738
101739
101741
101743
101744
101745
101747
101749
101750
101751
101753
101754
101755
101759
101761
101763
101765
101771
102429
102430
102431
102432
102433
102434
102435
102436
102437
102438
102439
102440
102441
102442
102443
102444
102445
102446
102447
102448
102449
102450
102451
102452
102453
102454
102455
102456
102457
102458
102459
102460
102461
102462
102463
102464
102465
102466
102467
102468
102469
102470
102471
102472
102473
102474
102475
102476
102477
102478
102479
102480
102481
102482
102483
102484
102485
102486
102487
102488
102489
102490
102491
102492
102493
102494
102495
102496
102497
102498
102499
102500
102501
102502
102503
102504
102505
102506
102507
102508
102509
102510
102511
102512
102513
102514
102515
102516
102517
102518
102519
102520
102521
102522
102523
102524
102525
102526
102527
102528
102529
102530
102531
102532
102533
102534
102535
102536
102537
102538
102539
102540
102541
102542
102543
102544
102545
102546
102547
102548
102549
102550
102551
102552
102553
102554
102555
102556
102557
102558
102559
102561
102563
102565
102567
102569
102571
102573
102579
102587
102589
102591
102595
102615
103145
103149
103157
103159
103161
103163
103165
103167
103169
103171
103173
103175
103177
103179
103181
103183
103185
103186
103187
103188
103189
103190
103191
103192
103193
103194
103195
103196
103197
103198
103199
103200
103201
103202
103203
103204
103205
103206
103207
103208
103209
103210
103211
103212
103213
103214
103215
103216
103217
103218
103219
103220
103221
103222
103223
103224
103225
103226
103227
103228
103229
103230
103231
103232
103233
103234
103235
103236
103237
103238
103239
103240
103241
103242
103243
103244
103245
103246
103247
103248
103249
103250
103251
103252
103253
103254
103255
103256
103257
103258
103259
103260
103261
103262
103263
103264
103265
103266
103267
103268
103269
103270
103271
103272
103273
103274
103275
103276
103277
103278
103279
103280
103281
103282
103283
103284
103285
103286
103287
103288
103289
103290
103291
103292
103293
103294
103295
103296
103297
103298
103299
103300
103301
103302
103303
103304
103305
103306
103307
103308
103309
103310
103311
103312
103313
103314
103315
103316
103317
103318
103319
103320
103321
103322
103323
103324
103325
103326
103327
103328
103329
103330
103331
103332
103333
103334
103335
103336
103337
103338
103339
103340
103341
103342
103343
103344
103345
103346
103347
103348
103349
103350
103351
103352
103353
103354
103355
103357
103359
103361
103363
103365
103367
103369
103371
103373
103375
103377
103379
103381
103383
103385
103387
103389
103391
103393
103395
103397
103399
103401
103403
103405
103407
103409
103411
103413
103415
103417
103419
103421
103423
103425
103427
103429
103431
103433
103435
103437
103439
103441
103443
103445
103447
103449
103451
103453
103455
103457
103459
103461
103463
103465
103467
103469
103471
103473
103477
103479
103481
103483
103485
103493
103497
103499
103501
103507
103517
103537
103758
103759
103761
103771
103772
103776
103777
103778
103779
103780
103781
103783
103784
103785
103786
103787
103788
103789
103790
103791
103792
103793
103795
103797
103801
103803
103805
103807
103809
103811
103813
103815
103817
103819
103821
103823
103825
103827
103829
103831
103833
103835
103837
103839
103841
103843
103845
103847
103849
103851
103853
103855
103857
103859
103861
103863
103865
103867
103869
103871
103873
103875
103877
103879
103881
103883
103885
103887
103889
103891
103893
103895
103897
103899
103901
103903
103905
103907
103909
103911
103913
103915
103917
103919
103921
103923
103925
103927
103929
103931
103933
103935
103937
103939
103941
103943
103945
103947
103949
103951
103952
103953
103954
103955
103956
103957
103958
103959
103960
103961
103962
103963
103964
103965
103966
103967
103968
103969
103970
103971
103972
103973
103974
103975
103976
103977
103978
103979
103980
103981
103982
103983
103984
103985
103986
103987
103988
103989
103990
103991
103992
103993
103994
103995
103996
103997
103998
103999
104000
104001
104002
104003
104004
104005
104006
104007
104008
104009
104010
104011
104012
104013
104014
104015
104016
104017
104018
104019
104020
104021
104022
104023
104024
104025
104026
104027
104028
104029
104030
104031
104032
104033
104034
104035
104036
104037
104038
104039
104040
104041
104042
104043
104044
104045
104046
104047
104048
104049
104050
104051
104052
104053
104054
104055
104056
104057
104058
104059
104060
104061
104062
104063
104064
104065
104066
104067
104068
104069
104070
104071
104072
104073
104074
104075
104076
104077
104078
104079
104080
104081
104082
104083
104084
104085
104086
104087
104088
104089
104090
104091
104092
104093
104094
104095
104096
104097
104098
104099
104100
104101
104102
104103
104104
104105
104106
104107
104108
104109
104110
104111
104112
104113
104114
104115
104116
104117
104118
104119
104120
104121
104122
104123
104124
104125
104126
104127
104128
104129
104130
104131
104132
104133
104134
104135
104136
104137
104138
104139
104140
104141
104143
104145
104147
104149
104151
104153
104155
104157
104159
104161
104163
104165
104167
104169
104171
104173
104175
104177
104179
104181
104183
104185
104187
104189
104191
104193
104195
104197
104199
104201
104203
104205
104207
104209
104211
104213
104215
104217
104219
104221
104223
104225
104227
104229
104231
104233
104235
104237
104239
104241
104243
104245
104247
104249
104251
104253
104255
104257
104259
104261
104263
104265
104267
104269
104271
104273
104275
104277
104279
104281
104283
104285
104287
104289
104291
104293
104295
104297
104299
104301
104303
104305
104307
104309
104311
104313
104315
104317
104319
104321
104323
104325
104327
104329
104331
104333
104335
104337
104339
104341
104343
104345
104347
104349
104351
104353
104355
104357
104359
104361
104363
104365
104367
104369
104371
104373
104375
104377
104379
104381
104383
104385
104387
104389
104391
104393
104395
104397
104399
104401
104403
104405
104407
104409
104411
104413
104415
104417
104419
104421
104423
104425
104427
104429
104431
104433
104435
104437
104439
104441
104443
104444
104445
104446
104447
104448
104449
104450
104451
104452
104453
104454
104455
104456
104457
104458
104459
104460
104461
104462
104463
104464
104465
104466
104467
104468
104469
104470
104471
104472
104473
104474
104475
104476
104477
104478
104479
104480
104481
104482
104483
104484
104485
104486
104487
104488
104489
104490
104491
104492
104493
104494
104495
104496
104497
104498
104499
104500
104501
104502
104503
104504
104505
104506
104507
104508
104509
104510
104511
104512
104513
104514
104515
104516
104517
104518
104519
104520
104521
104522
104523
104524
104525
104526
104527
104528
104529
104530
104531
104532
104533
104534
104535
104536
104537
104538
104539
104540
104541
104542
104543
104544
104545
104546
104547
104548
104549
104550
104551
104552
104553
104554
104555
104556
104557
104558
104560
104562
104564
104566
104568
104570
104572
104574
104576
104578
104580
104582
104584
104586
104588
104590
104592
104594
104596
104598
104600
104602
104604
104606
104608
104610
104612
104614
104616
104618
104620
104622
104624
104626
104628
104630
104632
104634
104636
104638
104640
104642
104644
104646
104648
104650
104652
104654
104656
104658
104660
104662
104664
104666
104668
104670
104672
104674
104676
104678
104680
104682
104684
104686
104688
104690
104692
104694
104696
104698
104700
104702
104704
104706
104708
104710
104712
104714
104716
104717
104718
104719
104720
104721
104722
104723
104724
104725
104726
104727
